0
0.5980685654792746
0.6341057603309554
0.6591903634783902
0.6998935230717225
0.6847118627004999
0.7003562292402633
0.6884646360102944
0.7154648984441422
0.7328277754564073
0.7488008954060236
0.7588571931388389
0.766437857965328
0.7771026624722489
0.7841958003511817
0.7855824480592393
0.7841195851557302
0.788193180671421
0.7941295976171798
0.7996619800024771
0.8020451669356784
0.8018355356990244
0.8044950320521872
0.8071402964803831
0.8092394219054223
0.808286527387854
0.8061593340810996
0.8071250856713557
0.8072619274931949
0.8044981361760866
0.8044776672478675
