1.6718285618793396
0.7878439916031701
0.6747836905575934
0.6200057678279423
0.5482068122142837
0.5119250977323169
0.48312958195095973
0.4628249508993966
0.4553600678131694
0.439722010883547
0.4361078156247025
0.425702056430635
0.4690224575854483
0.4538998614464487
0.453433995729401
0.4491703708256994
0.43200884688468205
0.41991320500771206
0.4096779913419769
0.4173520858798708
0.4028485182850134
0.42024916594936734
0.40976522323631104
0.43450512172920364
0.41539759089549383
0.4059033841604278
0.4007543995266869
0.39584581000464303
0.4041072893355574
0.3937106928655079
0.38746618522065024
0.38122008258388157
0.3811719977429935
0.37282141826692083
0.3697227468448026
0.36737821173100244
0.36523547140615326
0.37067243726480575
0.3645574946133863
0.35775699289072127
0.35323799954993385
0.3545671437113058
0.35601364491241316
0.36970799685943695
0.38381607727635475
0.36326378587455976
0.3553499205126649
0.3569869206774802
0.3833162647982438
0.35725294447370937
0.3524503878894306
0.35253418790442603
0.3461821324058941
0.3556980999807517
0.35998295368183225
0.36218079662039165
0.35309590101242067
0.3533327780309178
0.34663070277089164
0.3506585578123728
0.3526761650684334
0.3453486406732173
0.3415615368457068
0.34729316578734487
0.34327495452903567
0.3379362267042909
0.3368888189040479
0.32872690342011907
0.3257314673137097
0.32494667222102486
0.3284322952585561
0.32181597114318894
0.31905331867081776
0.3161932595428966
0.31700857909662383
0.32036046666048823
0.32492155996816496
0.3216599236286822
0.32107486880960917
0.31278567594431694
0.3101239563098976
0.30687520039223487
0.3059568715947015
0.30591809000997316
0.3062927725414435
0.30389467779369583
0.3002468680696828
0.29634537588627563
0.2942083997031053
0.2965297468006611
0.2924518228286789
0.2926709765479678
0.29020828512452895
0.2854318191075609
0.2842902034521103
0.2840381946946893
0.2826893366518475
0.2870022390924749
0.2854335223280248
0.2823027873677867
0.2821964274914492
0.2791928525836695
0.2806285238336949
0.2762598813999267
0.2757062624252978
0.27565292506700473
0.2785332269257023
0.2733546193156924
0.27342068921952023
0.2731487848928997
0.27271855328054656
0.27183434101087706
0.27092575615360626
0.268351936375811
0.2693500339984894
0.26713732229102227
0.2683921757198515
0.2700344598364262
0.26295190489008313
0.26476025019018423
0.26222854398545764
0.2621196051970834
0.2659969771901766
0.26480582338713465
0.26194324858841445
0.26159406258236795
0.2611003776746137
0.2567739157804421
0.2576804903291521
0.2587616879670393
0.2553007314425139
0.25675966214566004
0.25696658137298767
0.25532267070597126
0.255044459409657
0.2553307563421272
0.253020907441775
0.2511620577956949
0.25496793254500344
0.2487825265952519
0.24777830956237656
0.2491137274496612
0.25147241737161363
0.25162397344552334
0.24593633470081147
0.24548724673333622
0.24385529029227437
0.24312887553657805
0.24495996570303327
0.2437744741993291
0.2413817817433959
0.23996785086180483
0.24102515649227868
0.2396655413721289
0.2400813871373733
0.23738599973065513
0.23820858030092149
0.2380717805631104
0.23429310382122084
0.23697609344408627
0.23384076264642534
0.23250266563679492
0.23172714053874924
0.23450590858147258
0.2316901596529143
0.23181596456893852
0.23347873020739782
0.2329405132148947
0.22866761514118739
0.2269301749765873
0.22658585050985927
0.22327876273720038
0.22218633496335574
0.22406101656101998
0.2236445396783806
0.22285338860182535
0.22278369102804435
0.22056925383706888
0.2256726686088812
0.2259532281862838
0.22426239401102066
0.22128606488307317
0.2192752176984435
0.21977817744371436
0.220296164406907
0.21661282252697717
0.2162484523618505
0.21549587189441635
0.213744502709735
0.2130932883315143
0.2119127597127642
0.213634415982025
0.21174739806779794
0.2132354998517604
0.21007116078620866
0.21144433674358187
0.20914986091000692
0.21070665591174648
0.20795128702053
0.20815563757149946
0.20560962438938163
0.20567156303496587
0.20528370496772586
0.20421322509646417
0.20432441128151757
0.21164645772604715
0.20469687164184594
0.20440335156662123
0.20445026734045574
0.20113735986607414
0.20234858040653525
0.20219617812406449
0.19885856690151352
0.20110172698540346
0.20014445412726628
0.19872317874715442
0.19721590842874276
0.19695185926698502
0.1937920639380103
0.19534014349892026
0.19553029398833002
0.19582247210755235
0.19615680179780437
0.19541244490870407
0.19543508955587943
0.19364293730329898
0.19129221647800435
0.19154322640526864
0.1920569083697739
0.18824164525029205
0.18987385804454485
0.1879079776505629
0.189418678535592
0.18760715006362824
0.18560641106395495
0.18564580079345477
0.1861721320343869
0.1848066581501847
0.1858569003819
0.18597115941700482
0.1840466070476742
0.182902976728621
0.18169869377854325
0.18362425265922433
0.18441331028228714
0.18111537636390754
0.1834178603653397
0.18074302797516187
0.18005564471795446
0.18305787422827313
0.1812204133541811
0.1811773443151088
0.18024851342751866
0.17849915362894536
0.17848976795517263
0.1797946155426048
0.1774270047744115
0.17898392695046605
0.17666425965726376
0.17665162655924047
0.17620896681078843
0.17738921027630566
0.17505234176559106
0.17477658958662123
0.17414795735052654
0.1764013461768627
0.1774321665455188
0.17616232690357025
0.17513158622951736
0.17535171308332964
0.17534389616478058
0.1735751472236145
0.17551544491379034
0.17334815638051146
0.1717021166657408
0.1745649395421857
0.17414225811759632
0.17452176761414323
0.17423977312587557
0.1741375286309492
0.17300031564774968
0.1741739279900988
0.1730518764594481
0.1730347548034929
0.17236790615355685
0.17229454944885914
0.17308290898799897
0.1735583923668379
0.17459972445808705
0.17405232700208823
0.1720025583214703
0.17220036696110452
0.17265145491276468
0.17259353566914798
0.1723421007926975
0.17313413368094535
0.17256720290474947
0.1724303924256847
0.17248215996438548
0.17234824533973422
